Classif or Pred :Classif,

Normalize or no :1,

Nb Var :116,

Nom X :v1.x,v1.b,v1.s,v1.f,v1.k,v1.c,v2.s,v2.y,v2.f,v2.g,v3.n,v3.y,v3.w,v3.g,v3.e,v3.p,v3.b,v3.u,v3.c,v3.r,v4.t,v4.f,v5.p,v5.a,v5.l,v5.n,v5.f,v5.c,v5.y,v5.s,v5.m,v6.f,v6.a,v7.c,v7.w,v8.n,v8.b,v9.k,v9.n,v9.g,v9.p,v9.w,v9.h,v9.u,v9.e,v9.b,v9.r,v9.y,v9.o,v10.e,v10.t,v11.e,v11.c,v11.b,v11.r,v11.?,v12.s,v12.f,v12.k,v12.y,v13.s,v13.f,v13.y,v13.k,v14.w,v14.g,v14.p,v14.n,v14.b,v14.e,v14.o,v14.c,v14.y,v15.w,v15.p,v15.g,v15.b,v15.n,v15.e,v15.y,v15.o,v15.c,v17.w,v17.n,v17.o,v17.y,v18.o,v18.t,v18.n,v19.p,v19.e,v19.l,v19.f,v19.n,v20.k,v20.n,v20.u,v20.h,v20.w,v20.r,v20.o,v20.y,v20.b,v21.s,v21.n,v21.a,v21.v,v21.y,v21.c,v22.u,v22.g,v22.m,v22.d,v22.p,v22.w,v22.l,

avg_X :0.450025,0.0556376,0.00393895,0.387986,0.10192,0.000492368,0.314623,0.399311,0.285574,0.000492368,0.281142,0.131955,0.128016,0.226489,0.184638,0.0177253,0.0206795,0.00196947,0.00541605,0.00196947,0.415559,0.584441,0.0315116,0.0492368,0.0492368,0.434269,0.265879,0.0236337,0.070901,0.070901,0.00443131,0.974151,0.0258493,0.838503,0.161497,0.309207,0.690793,0.0502216,0.129,0.0925652,0.183653,0.147957,0.0901034,0.0605613,0.0118168,0.212703,0.00295421,0.0105859,0.00787789,0.432792,0.567208,0.137863,0.0684392,0.464796,0.0236337,0.305268,0.637125,0.0679468,0.291974,0.00295421,0.607582,0.0738552,0.0349582,0.283604,0.549483,0.070901,0.230428,0.0551452,0.0531758,0.0118168,0.0236337,0.00443131,0.000984737,0.539636,0.230428,0.070901,0.0531758,0.0630231,0.0118168,0.00295421,0.0236337,0.00443131,0.975382,0.0118168,0.0118168,0.000984737,0.921713,0.0738552,0.00443131,0.488429,0.341704,0.159527,0.00590842,0.00443131,0.230428,0.242245,0.00590842,0.200886,0.293944,0.00886263,0.00590842,0.00590842,0.00590842,0.153619,0.0492368,0.0472674,0.497292,0.210734,0.0418513,0.0452979,0.264402,0.0359429,0.387494,0.140817,0.0236337,0.102413,

sd_X :0.932565,0.863029,0.758025,0.930634,0.887317,0.683288,0.92616,0.931104,0.9236,0.683288,0.923163,0.897322,0.896166,0.916591,0.909669,0.81666,0.822855,0.732276,0.770134,0.732276,0.931684,0.931684,0.839901,0.858061,0.858061,0.93222,0.921558,0.828242,0.872842,0.872842,0.762483,0.831867,0.831867,0.904864,0.904864,0.925721,0.92572,0.858866,0.896459,0.883513,0.909481,0.901633,0.882443,0.866469,0.80051,0.914525,0.747236,0.796169,0.784601,0.932183,0.932183,0.898982,0.871417,0.932801,0.828242,0.92539,0.929392,0.871125,0.924208,0.747236,0.930824,0.874486,0.844121,0.923407,0.932574,0.872842,0.917148,0.862668,0.86119,0.80051,0.828242,0.762483,0.707367,0.932739,0.917148,0.872842,0.86119,0.868083,0.80051,0.747236,0.828242,0.762483,0.829892,0.80051,0.80051,0.707367,0.876827,0.874486,0.762483,0.933008,0.928119,0.904415,0.773472,0.762483,0.917148,0.918733,0.773472,0.912595,0.92439,0.789196,0.773472,0.773472,0.773472,0.903027,0.858061,0.8564,0.933032,0.914214,0.851446,0.854668,0.921394,0.845251,0.930612,0.899782,0.828242,0.887506,

Nom_target :v0,

Nb_Mod_Y :2,

Mod_Y :p,e,

avg_Y :0,

sd_Y :0,

Nb_Layer :3,

Nb_Nodes_Layer :116,2,2,

Name_F_Activ :Sigmoide,None,None,

nb_Weights :238,

Weights :0.347228,0.922897,-2.06386,0.344875,0.545155,1.97359,0.316238,-0.0490714,-0.906274,2.43994,-0.480798,-0.493891,0.89683,0.375516,0.27516,1.65069,2.33856,-2.02161,-2.43703,-1.87777,0.992134,-1.32639,4.11707,-3.99101,-4.03,-4.55359,3.6024,4.28746,3.21254,3.00581,1.81222,0.396866,-0.439711,2.1271,-2.19093,3.24251,-3.34183,-2.40739,-2.58853,-1.96858,-2.56703,-2.40767,-1.69028,-2.01512,-2.74269,4.11878,2.03316,0.301169,-0.574798,2.52904,-2.04742,-1.56366,-3.54924,3.51002,-3.2833,-1.3036,-2.46235,-1.94954,3.29222,-1.2535,-1.30301,-2.91284,1.81009,-0.238242,-0.0811819,-1.96662,0.217513,1.34048,1.73243,-1.76028,-1.27067,1.96947,2.15715,0.822422,0.939499,-1.76386,1.552,-1.9785,-1.73212,2.23842,-1.42026,1.0753,-0.0584183,-0.766867,-0.972331,1.92468,0.935818,-1.68158,1.5286,1.43024,3.21517,2.8269,-4.4336,1.68669,-3.5142,-3.85747,-3.97272,3.19555,-1.64085,4.41445,-1.04504,-0.987837,-1.0571,-0.0254771,-2.16908,-0.686191,-0.608313,-2.99454,2.36389,0.401509,1.38959,1.58321,0.447952,-1.30131,-3.5724,-0.656296,-0.239947,-0.794644,2.08224,-0.212666,-0.412798,-1.75363,-0.216807,0.191245,1.09592,-1.81914,0.720442,0.720009,-0.596143,-0.0624542,0.00925724,-1.39976,-1.95825,2.06118,2.55292,2.28474,-1.46014,1.21314,-3.8174,4.34684,4.32323,4.55334,-3.49567,-4.54815,-3.12253,-3.30177,-1.59496,-0.0415472,0.256671,-1.95008,2.38662,-3.12646,3.74003,2.20437,2.38915,1.8027,2.36917,2.22973,1.48893,1.8428,2.55155,-4.02655,-2.13166,-0.196679,0.790476,-2.44129,2.15212,1.6173,3.51432,-4.46459,3.9301,0.738526,2.96557,2.40597,-2.96252,1.28713,1.01616,2.53895,-2.69648,-0.260047,0.106932,1.74107,-0.232944,-1.29126,-1.8717,1.92011,0.903981,-1.49787,-2.10737,-1.26398,-1.33644,1.1225,-1.95442,2.09082,1.32836,-1.82899,0.777143,-1.4956,0.810698,1.26342,1.29867,-1.49824,-1.58062,1.89627,-1.32552,-0.453926,-2.55262,-2.23177,4.22976,-1.93709,3.16303,3.49794,3.5849,-2.62559,1.20909,-4.72062,1.18667,1.33382,1.30801,-0.261624,2.45074,0.543064,0.366623,2.54657,-2.41545,-0.974941,-2.07876,-2.21532,0.0301386,1.12046,2.97276,0.959226,15.4824,-15.1867,-0.209312,-15.0731,15.5777,-0.222059,

With_tgt :1,

pathout :none,

